Depth	Age	Sample number	TOC 	 d13C
121	419	HZM 1033	-9999	-27,95
122	423	HZM 1032	-9999	-27,91
123	427	HZM 1031	-9999	-28,55
124	431	HZM 1030	3,4	-28,59
125	436	HZM 1029	-9999	-28,15
126	441	HZM 1028	-9999	-27,53
127	442	HZM 1027	-9999	-26,87
128	446	HZM 1026	3,3	-27,61
129	450	HZM 1025	-9999	-28,12
130	454	HZM 1024	-9999	-28,03
131	455	HZM 1023	-9999	-28,18
132	459	HZM 1022	2,7	-27,92
133	463	HZM 1021	-9999	-27,59
134	467	HZM 1020	-9999	-27,61
135	474	HZM 1019	-9999	-27,48
136	479	HZM 1018	3,4	-27,65
137	483	HZM 1017	-9999	-27,72
138	487	HZM 1016	-9999	-27,9
139	488	HZM 1015	-9999	-27,34
140	491	HZM 1014	3,3	-28,12
141	492	HZM 1013	-9999	-28,46
142	496	HZM 1012	-9999	-28,32
143	502	HZM 1011	-9999	-27,7
144	506	HZM 1010	3,4	-27,7
145	511	HZM 1009	-9999	-27,84
146	517	HZM 1008	-9999	-27,77
147	521	HZM 1007	-9999	-28,24
148	527	HZM 1006	3,9	-28,1
149	533	HZM 1005	-9999	-28,22
150	537	HZM 1004	-9999	-27,9
151	540	HZM 1003	-9999	-27,89
152	543	HZM 1002	3,7	-28,36
153	550	HZM 1001	-9999	-28,85
154	556	HZM 1000	-9999	-28,94
155	567	HZM 999	-9999	-27,56
156	572	HZM 998	2,9	-27,41
157	573	HZM 997	-9999	-28,49
158	574	HZM 996	-9999	-28,91
159	581	HZM 995	-9999	-29,04
160	586	HZM 994	3,5	-28,54
161	590	HZM 993	-9999	-28,54
162	594	HZM 992	-9999	-28,22
163	602	HZM 991	-9999	-28,54
164	608	HZM 990	3,9	-28,63
165	614	HZM 989	-9999	-28,27
166	620	HZM 988	-9999	-28,61
167	625	HZM 987	-9999	-28,56
168	627	HZM 986	3,5	-28,91
169	637	HZM 985	-9999	-28,74
170	647	HZM 984	-9999	-28,97
171	648	HZM 983	-9999	-29,16
172	653	HZM 982	3,6	-28,34
173	657	HZM 981	-9999	-27,43
174	658	HZM 980	-9999	-28,42
175	660	HZM 979	-9999	-28,53
176	664	HZM 978	4,9	-28,88
177	669	HZM 977	-9999	-29,54
178	676	HZM 976	-9999	-29,3
179	682	HZM 975	-9999	-28,73
180	687	HZM 974	2,4	-27,72
181	688	HZM 973	-9999	-28,8
182	691	HZM 972	-9999	-28,92
183	694	HZM 971	-9999	-28,19
184	699	HZM 970	2,6	-27,6
185	704	HZM 969	-9999	-28,53
186	707	HZM 968	-9999	-28,74
187	713	HZM 967	-9999	-29,01
188	720	HZM 966	4,1	-29,28
189	730	HZM 965	-9999	-29,29
190	736	HZM 964	-9999	-29,22
191	741	HZM 963	-9999	-28,83
192	747	HZM 962	3,6	-28,65
193	754	HZM 961	-9999	-28,86
194	758	HZM 960	-9999	-28,83
195	763	HZM 959	-9999	-28,82
196	770	HZM 958	3,8	-28,47
197	776	HZM 957	-9999	-28,1
198	784	HZM 956	-9999	-28,79
199	789	HZM 955	-9999	-28,67
200	796	HZM 954	4,6	-28,79
201	802	HZM 953	-9999	-28,94
202	810	HZM 952	-9999	-27,6
203	819	HZM 951	-9999	-26,23
204	819	HZM 950	2,2	-27,45
205	820	HZM 949	-9999	-28,34
206	820	HZM 948	-9999	-28,81
207	828	HZM 947	-9999	-28,76
208	835	HZM 946	4,5	-28,54
206	838	HZM 945	-9999	-29,18
210	842	HZM 944	-9999	-28,68
211	848	HZM 943	4,9	-29,22
212	853	HZM 942	-9999	-29,21
213	860	HZM 941	-9999	-30,11
214	867	HZM 940	-9999	-29,28
215	875	HZM 939	-9999	-28,6
216	881	HZM 938	11,4	-29,04
217	882	HZM 937	-9999	-30,48
218	888	HZM 936	-9999	-30,07
219	890	HZM 935	-9999	-29,32
220	899	HZM 934	7,6	-29,82
221	903	HZM 933	-9999	-30,65
222	909	HZM 932	-9999	-30,67
223	916	HZM 931	-9999	-30,76
224	924	HZM 930	8	-30,33
225	929	HZM 929	-9999	-31,23
226	938	HZM 928	-9999	-30,77
227	941	HZM 927	-9999	-31,76
228	947	HZM 926	10,7	-33,26
229	954	HZM 925	-9999	-33,7
230	961	HZM 924	-9999	-32,79
231	968	HZM 923	-9999	-32,11
232	976	HZM 922	11,8	-32,14
233	985	HZM 921	-9999	-30,75
234	986	HZM 920	-9999	-29,33
235	991	HZM 919	-9999	-31,27
236	1000	HZM 918	13,7	-31,18
237	1017	HZM 917	-9999	-32,05
238	1030	HZM 916	-9999	-32,71
239	1044	HZM 915	-9999	-33,08
240	1056	HZM 914	11	-33,14
241	1082	HZM 913	-9999	-33,42
242	1092	HZM 912	-9999	-33,62
243	1107	HZM 911	-9999	-33,8
244	1115	HZM 910	9,9	-33,09
245	1127	HZM 909	-9999	-33,1
246	1138	HZM 908	-9999	-33,41
247	1146	HZM 907	-9999	-33,84
248	1153	HZM 906	9,8	-34,02
249	1167	HZM 905	-9999	-34,5
250	1179	HZM 904	-9999	-33,68
251	1195	HZM 903	-9999	-33,52
252	1210	HZM 902	8,8	-34,07
253	1217	HZM 901	-9999	-34,2
254	1235	HZM 900	-9999	-33,44
255	1246	HZM 899	-9999	-33,25
256	1261	HZM 898	9,3	-33,55
257	1271	HZM 897	-9999	-33,52
258	1280	HZM 896	-9999	-33,24
259	1289	HZM 895	-9999	-32,98
260	1298	HZM 894	9,9	-33,31
261	1308	HZM 893	-9999	-33,19
262	1318	HZM 892	-9999	-33,19
263	1326	HZM 891	-9999	-33,3
264	1335	HZM 890	10,5	-32,82
265	1342	HZM 889	-9999	-32,79
266	1348	HZM 888	-9999	-32,5
267	1354	HZM 887	-9999	-32,86
268	1363	HZM 886	9,6	-33,29
269	1384	HZM 885	-9999	-32,94
270	1391	HZM 884	-9999	-33,4
271	1398	HZM 883	-9999	-32,7
272	1408	HZM 882	10,6	-32,95
273	1419	HZM 881	-9999	-33,8
274	1428	HZM 880	-9999	-33
275	1438	HZM 879	-9999	-33,24
276	1446	HZM 878	9,8	-33,35
277	1453	HZM 877	-9999	-33,64
278	1462	HZM 876	-9999	-33,81
279	1469	HZM 875	-9999	-33,45
280	1476	HZM 874	10,6	-33,29
281	1483	HZM 873	-9999	-33,72
282	1489	HZM 872	-9999	-33,64
283	1495	HZM 871	-9999	-33,63
284	1504	HZM 870	9,7	-33,56
285	1522	HZM 869	-9999	-33,17
286	1533	HZM 868	11	-33,65
287	1542	HZM 867	-9999	-33,67
288	1552	HZM 866	10,4	-33,76
289	1563	HZM 865	-9999	-33,29
290	1573	HZM 864	10,2	-33,53
291	1582	HZM 863	-9999	-32,93
292	1589	HZM 862	9,3	-33,11
293	1595	HZM 861	-9999	-33,63
294	1601	HZM 860	10,7	-33,68
295	1609	HZM 859	-9999	-33,27
296	1617	HZM 858	10	-33,66
297	1624	HZM 857	11,7	-33,45
298	1633	HZM 856	13,8	-33,15
299	1636	HZM 855	-9999	-32,64
300	1644	HZM 854	12,6	-32,1
301	1662	HZM 853	-9999	-31,08
302	1672	HZM 852	9,8	-30,56
303	1686	HZM 851	-9999	-30,53
304	1692	HZM 850	10,6	-30,48
305	1701	HZM 849	-9999	-30,25
306	1710	HZM 848	6,3	-29,44
307	1716	HZM 847	-9999	-29,69
308	1724	HZM 846	6,7	-29,09
309	1728	HZM 845	-9999	-29,26
310	1732	HZM 844	6,4	-29,67
311	1739	HZM 843	-9999	-29,34
312	1748	HZM 842	8,9	-29,43
313	1755	HZM 841	-9999	-29,58
314	1768	HZM 840	7,1	-29,4
315	1772	HZM 839	-9999	-29,06
316	1775	HZM 838	5,6	-28,48
317	1783	HZM 837	-9999	-28,14
318	1789	HZM 836	5,9	-28,26
319	1799	HZM 835	-9999	-29,05
320	1808	HZM 834	7	-28,94
321	1817	HZM 833	-9999	-28,92
322	1820	HZM 832	7,6	-28,9
323	1823	HZM 831	-9999	-29,15
324	1826	HZM 830	5,8	-29,19
325	1830	HZM 829	-9999	-29,04
326	1835	HZM 828	5,1	-28,92
327	1840	HZM 827	-9999	-28,82
328	1844	HZM 826	5	-28,83
329	1851	HZM 825	-9999	-29,16
330	1858	HZM 824	8,5	-29,2
331	1865	HZM 823	-9999	-29,16
332	1872	HZM 822	7	-29,13
333	1879	HZM 821	-9999	-28,98
334	1886	HZM 820	7,7	-29,09
335	1889	HZM 819	-9999	-29,11
336	1894	HZM 818	7,3	-29
337	1896	HZM 817	-9999	-28,79
338	1899	HZM 816	8,3	-28,9
339	1903	HZM 815	-9999	-28,73
340	1905	HZM 814	9,4	-28,8
341	1907	HZM 813	-9999	-28,7
342	1913	HZM 812	9,1	-28,78
343	1919	HZM 811	-9999	-28,89
344	1923	HZM 810	8,9	-28,75
345	1929	HZM 809	6,8	-28,69
346	1935	HZM 808	4,7	-28,41
347	1940	HZM 807	-9999	-28,48
348	1944	HZM 806	15,1	-29,09
349	1948	HZM 805	-9999	-28,23
350	1949	HZM 804	7,8	-28,63
351	1949	HZM 803	-9999	-28,53
352	1954	HZM 802	9,6	-28,77
353	1960	HZM 801	-9999	-28,74
354	1973	HZM 800	9,6	-28,82
355	1980	HZM 799	-9999	-28,69
356	1983	HZM 798	9,5	-28,7
357	1986	HZM 797	-9999	-28,6
358	1999	HZM 796	9,2	-28,66
359	2017	HZM 795	-9999	-28,77
360	2035	HZM 794	10,8	-28,81
361	2043	HZM 793	-9999	-28,96
362	2052	HZM 792	9,6	-28,87
363	2064	HZM 791	-9999	-29,16
364	2074	HZM 790	10,7	-29,03
365	2084	HZM 789	-9999	-29,27
366	2087	HZM 788	7,1	-29,49
367	2095	HZM 787	-9999	-29,63
368	2106	HZM 786	8,1	-29,14
369	2117	HZM 785	-9999	-28,91
370	2127	HZM 784	10,1	-28,71
371	2136	HZM 783	-9999	-28,7
372	2144	HZM 782	8,4	-28,73
373	2154	HZM 781	-9999	-28,63
374	2155	HZM 780	7,4	-28,48
375	2164	HZM 779	-9999	-28,69
376	2175	HZM 778	12,2	-28,82
377	2184	HZM 777	-9999	-29,09
378	2199	HZM 776	8,9	-29,02
379	2212	HZM 775	-9999	-29,26
380	2219	HZM 774	6,9	-29
381	2220	HZM 773	-9999	-28,7
382	2220	HZM 772	12,3	-29,29
383	2230	HZM 771	-9999	-29,16
384	2242	HZM 770	13,2	-29,11
385	2253	HZM 769	-9999	-29,11
386	2261	HZM 768	14,3	-29,13
387	2271	HZM 767	-9999	-29,1
388	2282	HZM 766	13,3	-29,19
389	2292	HZM 765	-9999	-29,25
390	2302	HZM 764	12,9	-29,44
391	2311	HZM 763	-9999	-29,43
392	2321	HZM 762	13,8	-29,51
393	2332	HZM 761	-9999	-29,38
394	2353	HZM 760	12	-29,32
395	2363	HZM 759	-9999	-29,41
396	2374	HZM 758	12,1	-29,36
397	2386	HZM 757	-9999	-29,56
398	2395	HZM 756	11,3	-29,3
399	2404	HZM 755	-9999	-29,35
400	2416	HZM 754	11,5	-29,21
401	2428	HZM 753	-9999	-29,32
402	2439	HZM 752	-9999	-29
403	2449	HZM 751	11,5	-29,16
404	2450	HZM 750	9	-28,33
405	2458	HZM 749	5,5	-28,85
406	2467	HZM 748	8,9	-28,93
407	2474	HZM 747	10,1	-29,12
408	2483	HZM 746	-9999	-29,4
409	2490	HZM 745	11,4	-29,18
410	2498	HZM 744	10,6	-28,93
411	2504	HZM 743	-9999	-28,94
412	2513	HZM 742	13,3	-29,02
413	2521	HZM 741	-9999	-29,42
414	2527	HZM 740	10,2	-29,73
415	2530	HZM 739	-9999	-29,51
416	2533	HZM 738	11,6	-29,2
417	2540	HZM 737	-9999	-29,07
418	2542	HZM 736	11,9	-28,71
419	2545	HZM 735	16,1	-28,81
420	2551	HZM 734	15,9	-28,96
421	2555	HZM 733	-9999	-29
422	2560	HZM 732	13,7	-29
423	2566	HZM 731	-9999	-29,17
424	2574	HZM 730	11,4	-29,85
425	2577	HZM 729	-9999	-29,64
426	2583	HZM 728	8	-28,99
427	2593	HZM 727	-9999	-27,86
428	2595	HZM 726	6,3	-29,07
429	2601	HZM 725	-9999	-30,2
430	2601	HZM 724	16,6	-32,28
431	2601	HZM 723	-9999	-34,08
432	2601	HZM 722	17,8	-29,94
433	2602	HZM 721	-9999	-29,01
434	2602	HZM 720	15,3	-29,02
435	2602	HZM 719	-9999	-29,36
436	2608	HZM 718	15,5	-29,54
437	2615	HZM 717	-9999	-29,33
438	2622	HZM 716	9,2	-29,41
439	2627	HZM 715	-9999	-29,45
440	2630	HZM 714	11,6	-29,62
441	2633	HZM 713	-9999	-29,51
442	2642	HZM 712	11,9	-29,59
443	2650	HZM 711	-9999	-29,88
444	2658	HZM 710	10,5	-30,28
445	2662	HZM 709	-9999	-29,6
446	2665	HZM 708	8,8	-29,71
447	2672	HZM 707	-9999	-30,09
448	2683	HZM 706	9,6	-31,17
449	2692	HZM 705	12,2	-30,9
450	2714	HZM 704	11,7	-31,56
451	2754	HZM 703	19,8	-35,23
452	2787	HZM 702	19,6	-36,18
453	2822	HZM 701	-9999	-35,46
454	2850	HZM 700	18,6	-35
455	2887	HZM 699	-9999	-34,97
456	2928	HZM 698	19,2	-36,2
457	2965	HZM 697	-9999	-35,69
458	2989	HZM 696	20	-35,8
459	3000	HZM 695	23,2	-35,55
460	3041	HZM 694	22,6	-35,11
461	3073	HZM 693	-9999	-34,82
462	3103	HZM 692	15,3	-34,72
463	3147	HZM 691	19	-34,98
464	3183	HZM 690	20,3	-35,56
465	3196	HZM 689	15,6	-35,8
466	3208	HZM 688	14,1	-35,09
467	3232	HZM 687	-9999	-35,5
468	3268	HZM 686	17,3	-35,13
469	3302	HZM 685	-9999	-34,49
470	3314	HZM 684	16,6	-34,89
471	3331	HZM 683	-9999	-34,34
472	3350	HZM 682	15	-34,97
473	3377	HZM 681	-9999	-34,75
474	3408	HZM 680	14,9	-33,48
475	3435	HZM 679	-9999	-31,81
476	3453	HZM 678	14,1	-32
477	3473	HZM 677	-9999	-31,34
478	3484	HZM 676	12,5	-32,23
479	3492	HZM 675	-9999	-30,95
480	3502	HZM 674	11,4	-31,44
481	3518	HZM 673	-9999	-33,97
482	3531	HZM 672	13,1	-33,86
483	3552	HZM 671	-9999	-33,49
484	3575	HZM 670	16,3	-33,26
485	3607	HZM 669	13,4	-32,39
486	3622	HZM 668	11,7	-31,87
487	3637	HZM 667	13,4	-32,11
488	3672	HZM 666	13,6	-32,7
489	3704	HZM 665	-9999	-33,69
490	3737	HZM 664	11,7	-33,79
491	3775	HZM 663	-9999	-33,46
492	3816	HZM 662	12,6	-33,97
493	3838	HZM 661	-9999	-33,97
494	3859	HZM 660	10,1	-34,06
495	3896	HZM 659	-9999	-34,5
496	3933	HZM 658	6,7	-32,06
497	3967	HZM 657	-9999	-34,48
498	3992	HZM 656	11,9	-34,32
499	4053	HZM 655	-9999	-34,69
500	4097	HZM 654	13	-34,81
501	4145	HZM 653	-9999	-34,38
502	4184	HZM 652	11,6	-34,52
503	4236	HZM 651	-9999	-34,65
504	4278	HZM 650	10,2	-34,83
505	4321	HZM 649	-9999	-34,64
506	4373	HZM 648	10,6	-34,6
507	4420	HZM 647	-9999	-30,77
508	4452	HZM 646	7,3	-31,72
509	4489	HZM 645	-9999	-33,6
510	4532	HZM 644	11,8	-34,87
511	4569	HZM 643	-9999	-33,51
512	4616	HZM 642	8,7	-34,44
513	4632	HZM 641	-9999	-34,18
514	4657	HZM 640	9,7	-34,15
515	4698	HZM 639	-9999	-34,1
516	4739	HZM 638	15,3	-36,76
517	4770	HZM 637	-9999	-35,7
518	4801	HZM 636	12,4	-36,73
519	4828	HZM 635	-9999	-36,36
520	4841	HZM 634	9,6	-35,77
521	4860	HZM 633	-9999	-35,95
522	4883	HZM 632	12,5	-35,89
523	4911	HZM 631	-9999	-36,79
524	4931	HZM 630	10,7	-35,94
525	4953	HZM 629	-9999	-36,24
526	4974	HZM 628	9,9	-34,44
527	4991	HZM 627	-9999	-36,49
528	5009	HZM 626	11,5	-37,95
529	5029	HZM 625	-9999	-37,45
530	5045	HZM 624	12,7	-36,47
531	5067	HZM 623	-9999	-34,83
532	5083	HZM 622	9,9	-34,88
533	5092	HZM 621	-9999	-32,36
534	5102	HZM 620	4,7	-31,81
535	5111	HZM 619	-9999	-32,07
536	5115	HZM 618	5,9	-32,63
537	5119	HZM 617	-9999	-32,46
538	5133	HZM 616	6,7	-33,39
539	5153	HZM 615	-9999	-32,22
540	5165	HZM 614	6,4	-32,72
541	5176	HZM 613	-9999	-32,03
542	5186	HZM 612	5,2	-32,02
543	5200	HZM 611	-9999	-31,44
544	5209	HZM 610	5,4	-30,83
545	5221	HZM 609	-9999	-31,39
546	5227	HZM 608	4,4	-30,23
547	5233	HZM 607	-9999	-32,57
548	5238	HZM 606	8,4	-34,85
549	5252	HZM 605	-9999	-33,84
550	5265	HZM 604	9,1	-33,25
551	5286	HZM 603	-9999	-34,43
552	5312	HZM 602	10,8	-33,82
553	5334	HZM 601	-9999	-33,64
554	5347	HZM 600	8,5	-33,41
555	5359	HZM 599	-9999	-33,64
556	5385	HZM 598	7,3	-33,31
557	5417	HZM 597	-9999	-31,04
558	5447	HZM 596	6,6	-31,72
559	5477	HZM 595	-9999	-31,97
560	5501	HZM 594	6,7	-31,38
561	5520	HZM 593	-9999	-30,55
562	5536	HZM 592	9,1	-31,58
563	5559	HZM 591	-9999	-31,69
564	5579	HZM 590	8,4	-32,38
565	5595	HZM 589	-9999	-31,88
566	5600	HZM 588	8,7	-30,71
567	5619	HZM 587	-9999	-30,75
568	5635	HZM 586	8,6	-30,78
569	5668	HZM 585	-9999	-31,59
570	5698	HZM 584	8,2	-31,74
571	5714	HZM 583	-9999	-31,31
572	5735	HZM 582	6,7	-30,9
573	5752	HZM 581	-9999	-30,56
574	5775	HZM 580	7,6	-29,78
575	5803	HZM 579	-9999	-29,27
576	5829	HZM 578	7,4	-29,06
577	5852	HZM 577	-9999	-29,07
578	5866	HZM 576	7,5	-29,42
579	5878	HZM 575	-9999	-30,02
580	5890	HZM 574	8,6	-29,89
581	5905	HZM 573	-9999	-30,8
582	5919	HZM 572	6,9	-30,52
583	5932	HZM 571	-9999	-29,9
584	5938	HZM 570	8,3	-30,47
585	5945	HZM 569	-9999	-30,92
586	5977	HZM 568	8,1	-30,24
587	5990	HZM 567	-9999	-29,91
588	6005	HZM 566	9	-28,31
589	6017	HZM 565	-9999	-29,83
590	6024	HZM 564	9,5	-30,34
591	6032	HZM 563	-9999	-30,14
592	6041	HZM 562	11	-29,81
593	6049	HZM 561	9,4	-29,79
594	6059	HZM 560	11,6	-30,07
595	6070	HZM 559	11	-30,27
596	6078	HZM 558	8,8	-30,84
597	6090	HZM 557	-9999	-30,92
598	6098	HZM 556	9,9	-30,25
599	6110	HZM 555	-9999	-30,83
600	6124	HZM 554	10,4	-30,92
601	6130	HZM 553	-9999	-30,18
602	6132	HZM 552	9,7	-30,58
603	6144	HZM 551	-9999	-30,68
604	6159	HZM 550	10,4	-30,91
605	6177	HZM 549	-9999	-31,04
606	6191	HZM 548	11,1	-30,66
607	6205	HZM 547	-9999	-30,94
608	6215	HZM 546	8,8	-31,8
609	6226	HZM 545	-9999	-32
610	6238	HZM 544	8,1	-31,57
611	6250	HZM 543	-9999	-30,92
612	6262	HZM 542	10	-30,72
613	6276	HZM 541	-9999	-30,78
614	6291	HZM 540	9,3	-29,87
615	6300	HZM 539	-9999	-30,54
616	6310	HZM 538	7,5	-30,84
617	6319	HZM 537	-9999	-30,28
618	6328	HZM 536	8,3	-31,16
619	6338	HZM 535	7,4	-30,93
620	6347	HZM 534	5,8	-31,13
621	6358	HZM 533	10,1	-29,84
622	6380	HZM 532	10,9	-29,29
623	6396	HZM 531	-9999	-29,77
624	6407	HZM 530	10,4	-29,71
625	6426	HZM 529	-9999	-29,61
626	6444	HZM 528	11,2	-29,74
627	6463	HZM 527	-9999	-29,81
628	6485	HZM 526	10,5	-30,27
629	6493	HZM 525	-9999	-30,84
630	6502	HZM 524	10,6	-29,83
631	6519	HZM 523	-9999	-29,25
632	6536	HZM 522	11,5	-29,81
633	6557	HZM 521	-9999	-29,68
634	6574	HZM 520	11,7	-29,37
635	6590	HZM 519	-9999	-30,16
636	6611	HZM 518	9,7	-30,1
637	6631	HZM 517	-9999	-30,06
638	6643	HZM 516	8,5	-30,01
639	6655	HZM 515	-9999	-30,24
640	6667	HZM 514	10,3	-30,46
641	6690	HZM 513	-9999	-30,72
642	6699	HZM 512	11,3	-30,22
643	6708	HZM 511	-9999	-30,02
644	6734	HZM 510	11,5	-30,39
645	6763	HZM 509	-9999	-30,29
646	6785	HZM 508	11,3	-30,38
647	6811	HZM 507	-9999	-30,54
648	6840	HZM 506	12,4	-30,26
649	6866	HZM 505	-9999	-30,21
650	6894	HZM 504	14,7	-30,42
651	6921	HZM 503	-9999	-30,21
652	6949	HZM 502	13,5	-30,29
653	6970	HZM 501	-9999	-29,84
654	6990	HZM 500	13	-30,05
655	7007	HZM 499	-9999	-29,73
656	7027	HZM 498	12	-30,66
657	7044	HZM 497	-9999	-30,36
658	7064	HZM 496	9,2	-31,17
659	7079	HZM 495	-9999	-31,12
660	7096	HZM 494	7,2	-31,14
661	7112	HZM 493	-9999	-31
662	7121	HZM 492	8,7	-31,41
663	7132	HZM 491	-9999	-31,07
664	7150	HZM 490	10,1	-30,91
665	7171	HZM 489	-9999	-31,31
666	7190	HZM 488	7,2	-31,12
667	7215	HZM 487	-9999	-31,77
668	7234	HZM 486	10	-30,96
669	7256	HZM 485	-9999	-29,53
670	7274	HZM 484	6	-29,43
671	7295	HZM 483	-9999	-30,74
672	7304	HZM 482	7,4	-30,6
673	7320	HZM 481	-9999	-29,76
674	7339	HZM 480	6,3	-30,21
675	7355	HZM 479	-9999	-30,55
676	7375	HZM 478	9,3	-30,94
677	7400	HZM 477	-9999	-30,28
678	7427	HZM 476	12	-30,25
679	7456	HZM 475	-9999	-30,26
680	7467	HZM 474	9,7	-30,21
681	7478	HZM 473	-9999	-30,53
682	7497	HZM 472	9,8	-30,37
683	7519	HZM 471	-9999	-30,39
684	7539	HZM 470	11,9	-30,93
685	7561	HZM 469	-9999	-29,98
686	7581	HZM 468	10,5	-30,48
687	7606	HZM 467	-9999	-30,77
688	7631	HZM 466	11	-30,33
689	7653	HZM 465	-9999	-30,28
690	7672	HZM 464	13,7	-30,85
691	7688	HZM 463	-9999	-30,38
692	7707	HZM 462	13,7	-30,33
693	7731	HZM 461	-9999	-31,11
694	7753	HZM 460	11,8	-30,5
695	7777	HZM 459	-9999	-30,21
696	7802	HZM 458	11,9	-30,78
697	7820	HZM 457	-9999	-30,72
698	7837	HZM 456	9	-30,85
699	7858	HZM 455	-9999	-30,8
700	7882	HZM 454	8,4	-31,21
701	7888	HZM 453	-9999	-31,58
702	7893	HZM 452	7	-31,97
703	7907	HZM 451	-9999	-32,02
704	7930	HZM 450	6,2	-31,03
705	7945	HZM 449	-9999	-31,41
706	7955	HZM 448	6,7	-31,34
707	7967	HZM 447	-9999	-31,35
708	7981	HZM 446	6,7	-31,24
709	7996	HZM 445	-9999	-31,64
710	8013	HZM 444	7,9	-32,37
711	8029	HZM 443	-9999	-31,41
712	8043	HZM 442	6,9	-31,85
713	8061	HZM 441	-9999	-31,01
714	8075	HZM 440	8,1	-31,34
715	8088	HZM 439	-9999	-31,34
716	8100	HZM 438	8,3	-32,15
717	8111	HZM 437	-9999	-31,97
718	8125	HZM 436	10,1	-32,16
719	8138	HZM 435	-9999	-32,34
720	8151	HZM 434	13,6	-32,85
721	8159	HZM 433	-9999	-32,69
722	8167	HZM 432	9,8	-31,48
723	8183	HZM 431	-9999	-32,89
724	8221	HZM 430	7,6	-31,56
725	8234	HZM 429	-9999	-32,2
726	8256	HZM 428	10,7	-33,02
727	8276	HZM 427	-9999	-31,57
728	8296	HZM 426	11,1	-32,67
729	8314	HZM 425	-9999	-32,2
730	8335	HZM 424	10	-32,78
731	8362	HZM 423	-9999	-32,93
732	8382	HZM 422	12,8	-32,71
733	8407	HZM 421	-9999	-31,66
734	8441	HZM 420	-9999	-32,06
735	8464	HZM 419	9,6	-32,18
736	8492	HZM 418	10	-32,17
737	8522	HZM 417	10,6	-32,1
738	8542	HZM 416	10,5	-31,92
739	8556	HZM 415	8,9	-31,84
740	8576	HZM 414	8,9	-31,14
741	8586	HZM 413	8,8	-30,97
742	8596	HZM 412	11,9	-31,74
743	8615	HZM 411	11,9	-31,88
744	8633	HZM 410	12,1	-31,87
745	8653	HZM 409	11,2	-31,45
746	8670	HZM 408	11	-31,6
747	8688	HZM 407	12,2	-32,22
748	8705	HZM 406	11,3	-32,63
749	8729	HZM 405	11,5	-33,02
750	8751	HZM 404	11,1	-32,24
751	8776	HZM 403	12	-32,89
752	8793	HZM 402	10,7	-32,01
753	8813	HZM 401	9,8	-31,86
754	8843	HZM 400	11,2	-32,51
755	8874	HZM 399	13,2	-32,9
756	8892	HZM 398	-9999	-32,99
757	8909	HZM 397	11,1	-33,1
758	8943	HZM 396	-9999	-32,88
759	8967	HZM 395	9,8	-32,76
760	8984	HZM 394	-9999	-32,75
761	9000	HZM 393	8,4	-33,34
762	9019	HZM 392	-9999	-33,3
763	9048	HZM 391	11,7	-33,38
764	9066	HZM 390	-9999	-32,91
765	9088	HZM 389	8,2	-33,16
766	9108	HZM 388	-9999	-32,74
767	9137	HZM 387	7,7	-32,69
768	9166	HZM 386	-9999	-31,77
769	9189	HZM 385	11,5	-32,46
770	9215	HZM 384	-9999	-33,04
771	9233	HZM 383	9,8	-32,65
772	9255	HZM 382	10,1	-32,13
773	9275	HZM 381	8,8	-32,72
774	9294	HZM 380	8,8	-32,52
775	9310	HZM 379	9,6	-32,8
776	9326	HZM 378	9,2	-33
777	9345	HZM 377	8,8	-33,11
778	9362	HZM 376	8,7	-32,76
779	9383	HZM 375	8,8	-33,14
780	9406	HZM 374	8,8	-32,9
781	9419	HZM 373	10,1	-33,47
782	9432	HZM 372	9,3	-33,66
783	9455	HZM 371	9,3	-33,57
784	9469	HZM 370	8,9	-33,37
785	9491	HZM 369	8,9	-32,93
786	9517	HZM 368	7,3	-33,43
787	9546	HZM 367	8,5	-34,29
788	9571	HZM 366	9,1	-34,11
789	9598	HZM 365	8,8	-34,06
790	9624	HZM 364	6,9	-35
791	9649	HZM 363	6,5	-33,36
792	9682	HZM 362	6,4	-33,05
793	9713	HZM 361	5,5	-32,7
794	9746	HZM 360	4,6	-32,71
795	9779	HZM 359	4,8	-32,89
796	9807	HZM 358	4,6	-32,48
797	9835	HZM 357	4,4	-31,61
798	9861	HZM 356	4,1	-31,4
799	9882	HZM 355	4	-30,07
800	9905	HZM 354	4,7	-31,04
801	9923	HZM 353	4	-30,18
802	9939	HZM 352	4	-31,46
803	9947	HZM 351	4,3	-30,32
804	9954	HZM 350	3,9	-30,58
805	9970	HZM 349	4,9	-31,17
806	9986	HZM 348	6,2	-30,39
807	10000	HZM 347	4,6	-32,6
808	10013	HZM 346	4,5	-31,7
809	10027	HZM 345	4,4	-32,21
810	10043	HZM 344	4	-32,68
811	10060	HZM 343	3,7	-31,52
812	10081	HZM 342	3,7	-31,02
813	10097	HZM 341	3,6	-31,19
814	10116	HZM 340	3,7	-30,79
815	10129	HZM 339	3,6	-31,07
816	10145	HZM 338	3,7	-30,47
817	10155	HZM 337	3,2	-31,03
818	10169	HZM 336	3,3	-28,67
819	10182	HZM 335	4,1	-30,34
820	10201	HZM 334	4,3	-30,34
821	10215	HZM 333	10,1	-27,72
822	10231	HZM 332	8,9	-27,11
823	10240	HZM 331	11,8	-27,1
824	10243	HZM 330	4,1	-28,83
825	10263	HZM 329	4,2	-30,27
826	10275	HZM 328	3,7	-29,95
827	10283	HZM 327	3,8	-29,86
828	10293	HZM 326	3,6	-30,83
829	10302	HZM 325	3,8	-29,76
830	10307	HZM 324	3,7	-29,18
831	10318	HZM 323	4,3	-31,23
832	10330	HZM 322	3,7	-30,65
833	10340	HZM 321	3,5	-30,2
834	10344	HZM 320	3,3	-28,77
835	10353	HZM 319	3,4	-28,37
836	10365	HZM 318	3,7	-29,15
837	10377	HZM 317	4,2	-30,05
838	10386	HZM 316	4,4	-29,82
839	10394	HZM 315	5,6	-31,03
840	10402	HZM 314	4,8	-32,29
841	10412	HZM 313	4,9	-31,52
842	10421	HZM 312	4,1	-31,26
843	10433	HZM 311	5,5	-33,23
844	10443	HZM 310	6,4	-34,03
845	10453	HZM 309	6,4	-33,87
846	10478	HZM 308	6,5	-31,39
847	10497	HZM 307	6,4	-33,72
848	10507	HZM 306	5,3	-32,77
849	10508	HZM 305	5,1	-33,17
850	10534	HZM 304	4,8	-32,61
851	10554	HZM 303	4,8	-32,36
852	10576	HZM 302	4,9	-32,01
853	10597	HZM 301	5,4	-31,81
854	10612	HZM 300	5,8	-32,25
855	10628	HZM 299	5,5	-32,86
856	10663	HZM 298	4,5	-32,1
857	10680	HZM 297	4,8	-31,73
858	10689	HZM 296	5,2	-30,9
859	10708	HZM 295	6,5	-29,2
860	10728	HZM 294	5	-32,31
861	10729	HZM 293	4,7	-32,44
862	10760	HZM 292	5	-32,7
863	10780	HZM 291	5	-32,65
864	10807	HZM 290	5,5	-33,36
865	10829	HZM 289	4,6	-33,09
866	10843	HZM 288	4,6	-33,32
867	10857	HZM 287	4,7	-32,74
868	10879	HZM 286	4,1	-32,43
869	10893	HZM 285	4,3	-32,61
870	10909	HZM 284	4,6	-32,86
871	10925	HZM 283	4,4	-32,54
872	10942	HZM 282	4,7	-32,79
873	10958	HZM 281	4,5	-31,87
874	10975	HZM 280	4,3	-31,61
875	10985	HZM 279	4	-31,09
876	10998	HZM 278	2	-29,16
877	11008	HZM 277	4,3	-31,6
878	11027	HZM 276	4,5	-31,96
879	11040	HZM 275	4,4	-32,21
880	11056	HZM 274	4,9	-31,73
881	11060	HZM 273	4,5	-31,15
882	11077	HZM 272	4,1	-32,14
883	11090	HZM 271	3,9	-31,09
884	11097	HZM 270	3,8	-29,99
885	11103	HZM 269	4,3	-30,85
886	11115	HZM 268	3,9	-31,46
887	11126	HZM 267	4,3	-30,31
888	11140	HZM 266	4	-30,29
889	11150	HZM 265	4,1	-31,19
890	11160	HZM 264	3,7	-30
891	11170	HZM 263	3,5	-30,73
892	11182	HZM 262	3,8	-30,54
893	11188	HZM 261	3,8	-30,51
894	11193	HZM 260	3,5	-30,74
895	11206	HZM 259	3,8	-30,44
896	11220	HZM 258	3,6	-30,23
897	11232	HZM 257	4,1	-29,67
898	11240	HZM 256	4	-29,92
899	11248	HZM 255	4,3	-30,1
900	11259	HZM 254	3,9	-29,63
901	11267	HZM 253	3,8	-29,87
902	11275	HZM 252	3,6	-30,47
903	11287	HZM 251	3,9	-31,49
904	11299	HZM 250	3,6	-31,69
905	11312	HZM 249	3,4	-31,24
906	11322	HZM 248	3,8	-30,23
907	11332	HZM 247	3,7	-29,53
908	11339	HZM 246	3,7	-29,6
909	11345	HZM 245	3,6	-29,44
910	11348	HZM 244	3	-29,2
911	11357	HZM 243	3,2	-29,64
912	11365	HZM 242	3,4	-29,64
913	11366	HZM 241	4	-29,56
914	11384	HZM 240	3,4	-30,21
915	11400	HZM 239	4	-30,97
916	11416	HZM 238	3,7	-30,12
917	11432	HZM 237	3,5	-29,91
918	11453	HZM 236	3,5	-29,88
919	11463	HZM 235	3,8	-32,04
920	11481	HZM 234	4,5	-31,97
921	11492	HZM 233	4,6	-32,28
